00001 23.817199 85.877786 Aman 9874895558
00002 23.817327 85.874649 Raman 8943579834
00003 23.802908 85.881515 Chaman 9353453456
00004 23.799621 85.883655 Baman 7898797898
00005 23.792062 85.883085 Tushar 6516437567
00006 23.788383 85.886157 Santosh 9489166456
00007 23.772770 85.888332 Niraj 9464824659
00008 23.770008 85.890298 Ramesh 9567938465
00009 23.798236 85.941448 Suresh 8541579646
00010 26.907524 75.739639 Rakesh 8198168511
00011 12.120000 76.680000 Stefan 41816541225
00012 24.879999 74.629997 Edmund 5626325621
00013 16.994444 73.300003 Jerold 6849689524
00014 19.155001 72.849998 Mickey 5415157759
00015 24.794500 73.055000 Selma 75541574845
00016 21.250000 81.629997 Ashley 84858441271
00017 16.166700 74.833298 Faith 94834185151
00018 26.850000 80.949997 Gabrielle 45684684166
00019 19.076090 72.877426 Derick 89168461843
00020 14.167040 75.040298 Raymundo 8942848248
00021 26.540457 88.719391 Cornelia 4868726487
00022 24.633568 87.849251 Allan 9845968484
00023 28.440554 74.493011 Darla 874986889493
00024 24.882618 72.858894 Rosemarie 85435845445
00025 16.779877 74.556374 Bradley 54153415415
00026 12.715035 77.281296 Donny 48864185348
00027 13.432515 77.727478 Tom 5745341753
00028 12.651805 77.208946 Mark 46848764874
00029 22.728392 71.637077 Marjorie 8757484565
00030 09.383452 76.574059 Franklyn 418746348187
00031 14.623801 75.621788 Rebecca 4851854151
00032 10.925440 79.838005 Kelley 894894874841
00033 15.852792 74.498703 Marcelino 8646414185
00034 19.354979 84.986732 Louise 6841574185
00035 23.905445 87.524620 Stanley 848641241571
00036 20.296059 85.824539 Clare 54481515151
00037 21.105001 71.771645 Renaldo 6415415415
00038 30.172716 77.299492 Elijah 8484986438
00039 25.477585 85.709091 Jared 541537415415
00040 21.045521 75.801094 Leslie 541534718745
00041 26.491890 89.527100 Ignacio 654151584154
00042 08.893212 76.614143 Duncan 6514534151
00043 22.430889 87.321487 Rory 6541534784
00044 23.849325 72.126625 Milan 54153474856
00045 11.786253 77.800781 Erwin 6825216848
00046 13.583274 76.540154 Mervin 854785483
00047 14.530457 75.801094 Alec 7864874876
00048 18.901457 73.176132 Nathan 87468487852
00049 22.960510 88.567406 Anton 89469384856
00050 15.756595 76.192696 Raleigh 54368463858
00051 22.656015 86.352882 Bradford 84654654186
00052 25.989836 79.450035 Erick 53486843845
00053 23.223047 82.870560 Teddy 8646846548
00054 19.186354 73.191948 Omar 8448545734
00055 30.525005 75.890121 Kyle 6845115241
00056 22.422455 85.760651 Lee 6541863541
00057 18.106659 83.395554 Lenard 5415874156
00058 21.190449 81.284920 Julius 86468468894
00059 23.597969 72.969818 Mukesh 86485486468
00060 28.590361 78.571762 Raj 47486746848
00061 25.369179 85.530060 Rohan 4587786496
00062 11.623377 92.726486 Kewal 78767486748
00063 24.618393 88.024338 Jackson 5748646984
00064 23.546757 74.433830 Vance 7594846874
00065 25.077787 87.900375 Abram 541687498
00066 29.854263 77.888000 Richie 5487474867
00067 14.913181 79.992981 Gregg 56418548471
00068 14.413745 77.712616 Lupe 48674764898
00069 18.101904 78.852074 Clifton 57575341515
00070 23.173939 81.565125 Fausto 4865654874
00071 15.812074 80.355377 Boyce 6584984874
00072 15.764501 79.259491 Dorsey 65415848653
00073 10.311879 76.331978 Percy 684897897
00074 21.961946 70.792297 Lionel 8498794984
00075 16.544893 81.521240 Carroll 6468468851
00076 21.049540 76.532028 Humberto 6541641534 
00077 26.182245 91.754723 Luther 854874857684
00078 27.897551 77.384117 Bruce 49848874196
00079 18.245655 76.505356 Hubert 654968498656
00080 23.486839 75.659157 Chadwick 489456489684
00081 32.041943 75.405334 Claudio 64886518741
00082 24.474380 85.688744 Cameron 5641785451
00083 23.427221 87.287018 Jordon 6846841851
00084 19.487707 75.380768 Tommie 54187158717
00085 19.853060 74.000633 Normand 8456874979
00086 15.167409 77.373627 Philip 4878744551
00087 24.417534 88.250343 Harold 87486643212
00088 22.744108 77.736969 Rudolph 864874874
00089 14.752805 78.552757 Kennith 47485478
00090 23.520399 87.311897 Tim 952938756
00091 25.771315 73.323685 Joseph 54864537
00092 28.148735 77.332024 Franklin 8947784751
00093 29.138407 76.693245 Nicky 7574521584
00094 25.375710 86.474373 Tory 57464854936
00095 20.388794 78.120407 Ashley 844863668
00096 23.669296 86.151115 Theo 687488465
00097 21.761524 70.627625 Shirley 946648475
00098 22.657402 88.867180 Jeremy 6838545574
00099 22.700474 88.319069 Granville 684535475
00100 23.344315 85.296013 Reginald 847645414
00101 14.146319 79.850388 Dewitt 515741554
00102 28.078636 80.471588 Merrill 8484576328
00103 27.108416 78.584602 Sherwood 7548545748
00104 09.823619 77.986565 Mikel 5748548648
00105 12.946366 79.959244 Arturo 84874848848
00106 17.143908 79.623924 Rajesh 8485484878
00107 13.340881 74.742142 Arbaaz 754648748
